(kicad_pcb (version 20171130) (host pcbnew 5.1.8+dfsg1-1)

  (general
    (thickness 1.6)
    (drawings 26)
    (tracks 1151)
    (zones 0)
    (modules 89)
    (nets 86)
  )

  (page A4)
  (layers
    (0 F.Cu signal)
    (31 B.Cu signal)
    (32 B.Adhes user)
    (33 F.Adhes user)
    (34 B.Paste user)
    (35 F.Paste user)
    (36 B.SilkS user)
    (37 F.SilkS user)
    (38 B.Mask user)
    (39 F.Mask user)
    (40 Dwgs.User user)
    (41 Cmts.User user)
    (42 Eco1.User user)
    (43 Eco2.User user)
    (44 Edge.Cuts user)
    (45 Margin user)
    (46 B.CrtYd user)
    (47 F.CrtYd user)
    (48 B.Fab user)
    (49 F.Fab user)
  )

  (setup
    (last_trace_width 0.1524)
    (user_trace_width 0.01)
    (user_trace_width 0.02)
    (user_trace_width 0.05)
    (user_trace_width 0.1)
    (user_trace_width 0.2)
    (trace_clearance 0.1524)
    (zone_clearance 0.508)
    (zone_45_only no)
    (trace_min 0.01)
    (via_size 0.6)
    (via_drill 0.3)
    (via_min_size 0.4)
    (via_min_drill 0.3)
    (uvia_size 0.3)
    (uvia_drill 0.1)
    (uvias_allowed no)
    (uvia_min_size 0.2)
    (uvia_min_drill 0.1)
    (edge_width 0.1)
    (segment_width 0.2)
    (pcb_text_width 0.3)
    (pcb_text_size 1.5 1.5)
    (mod_edge_width 0.15)
    (mod_text_size 1 1)
    (mod_text_width 0.15)
    (pad_size 2.75 2.75)
    (pad_drill 2.75)
    (pad_to_mask_clearance 0)
    (aux_axis_origin 0 0)
    (visible_elements 7EFFFFFF)
    (pcbplotparams
      (layerselection 0x00030_80000001)
      (usegerberextensions false)
      (usegerberattributes true)
      (usegerberadvancedattributes true)
      (creategerberjobfile true)
      (excludeedgelayer true)
      (linewidth 0.100000)
      (plotframeref false)
      (viasonmask false)
      (mode 1)
      (useauxorigin false)
      (hpglpennumber 1)
      (hpglpenspeed 20)
      (hpglpendiameter 15.000000)
      (psnegative false)
      (psa4output false)
      (plotreference true)
      (plotvalue true)
      (plotinvisibletext false)
      (padsonsilk false)
      (subtractmaskfromsilk false)
      (outputformat 1)
      (mirror false)
      (drillshape 0)
      (scaleselection 1)
      (outputdirectory "meta/"))
  )

  (net 0 "")
  (net 1 "Net-(J1-Pad36)")
  (net 2 "Net-(J1-Pad32)")
  (net 3 "Net-(J1-Pad3)")
  (net 4 "Net-(J1-Pad5)")
  (net 5 +3V3)
  (net 6 GND)
  (net 7 "Net-(C1-Pad1)")
  (net 8 /sensors/SENSE_1_POWER)
  (net 9 "Net-(C5-Pad1)")
  (net 10 "Net-(C9-Pad1)")
  (net 11 "Net-(C10-Pad1)")
  (net 12 SENSE_1_INT_2_AG)
  (net 13 SPI_1_CLK)
  (net 14 SPI_1_MOSI)
  (net 15 SENSE_1_DRDY_M)
  (net 16 SPI_0_CE_0)
  (net 17 SENSE_1_INT_M)
  (net 18 SENSE_2_INT_M)
  (net 19 SENSE_2_DRDY_M)
  (net 20 SPI_0_CE_1)
  (net 21 SENSE_2_INT_1_AG)
  (net 22 SPI_1_CE_0)
  (net 23 SENSE_2_INT_2_AG)
  (net 24 +5V)
  (net 25 SENSE_1_INT_1_AG)
  (net 26 SPI_1_MISO)
  (net 27 SPI_0_CLK)
  (net 28 SPI_0_MISO)
  (net 29 SPI_0_MOSI)
  (net 30 SPI_1_CE_1)
  (net 31 /sensors/SENSE_1_MISO_M)
  (net 32 /sensors/SENSE_1_MISO_AG)
  (net 33 /sensors/SENSE_2_POWER)
  (net 34 /sensors/SENSE_1_SCLK)
  (net 35 /sensors/SENSE_1_MOSI)
  (net 36 /sensors/SENSE_1_CS_AG)
  (net 37 /sensors/SENSE_1_CS_M)
  (net 38 SENSE_1_DATA_ENABLE_AG)
  (net 39 SENSE_2_DATA_ENABLE_AG)
  (net 40 /sensors/SENSE_2_CS_M)
  (net 41 /sensors/SENSE_2_CS_AG)
  (net 42 /sensors/SENSE_2_MISO_M)
  (net 43 /sensors/SENSE_2_MISO_AG)
  (net 44 /sensors/SENSE_2_MOSI)
  (net 45 /sensors/SENSE_2_SCLK)
  (net 46 MOTOR_4_DIRECTION)
  (net 47 MOTOR_3_EN)
  (net 48 MOTOR_2_EN)
  (net 49 SENSOR_2_INT_1)
  (net 50 MOTOR_4_STEP)
  (net 51 MOTOR_1_STEP)
  (net 52 MOTOR_3_STEP)
  (net 53 MOTOR_4_EN)
  (net 54 MOTOR_3_DIRECTION)
  (net 55 MOTOR_2_STEP)
  (net 56 MOTOR_1_DIRECTION)
  (net 57 MOTOR_1_EN)
  (net 58 MOTOR_2_DIRECTION)
  (net 59 "Net-(J4-Pad1)")
  (net 60 "Net-(J4-Pad3)")
  (net 61 "Net-(J4-Pad5)")
  (net 62 "Net-(J5-Pad1)")
  (net 63 "Net-(J5-Pad3)")
  (net 64 "Net-(J5-Pad5)")
  (net 65 "Net-(J6-Pad5)")
  (net 66 "Net-(J6-Pad3)")
  (net 67 "Net-(J6-Pad1)")
  (net 68 "Net-(J7-Pad5)")
  (net 69 "Net-(J7-Pad3)")
  (net 70 "Net-(J7-Pad1)")
  (net 71 "Net-(Q1-Pad1)")
  (net 72 "Net-(Q2-Pad1)")
  (net 73 "Net-(Q3-Pad1)")
  (net 74 "Net-(Q4-Pad1)")
  (net 75 "Net-(Q5-Pad1)")
  (net 76 "Net-(Q6-Pad1)")
  (net 77 "Net-(Q7-Pad1)")
  (net 78 "Net-(Q8-Pad1)")
  (net 79 "Net-(Q9-Pad1)")
  (net 80 "Net-(Q10-Pad1)")
  (net 81 "Net-(Q11-Pad1)")
  (net 82 "Net-(Q12-Pad1)")
  (net 83 "Net-(I2C_HEADER_VOLTAGE_SELECT1-Pad2)")
  (net 84 VD)
  (net 85 VS)

  (net_class Default "This is the default net class."
    (clearance 0.1524)
    (trace_width 0.1524)
    (via_dia 0.6)
    (via_drill 0.3)
    (uvia_dia 0.3)
    (uvia_drill 0.1)
    (add_net /sensors/SENSE_1_CS_AG)
    (add_net /sensors/SENSE_1_CS_M)
    (add_net /sensors/SENSE_1_MISO_AG)
    (add_net /sensors/SENSE_1_MISO_M)
    (add_net /sensors/SENSE_1_MOSI)
    (add_net /sensors/SENSE_1_POWER)
    (add_net /sensors/SENSE_1_SCLK)
    (add_net /sensors/SENSE_2_CS_AG)
    (add_net /sensors/SENSE_2_CS_M)
    (add_net /sensors/SENSE_2_MISO_AG)
    (add_net /sensors/SENSE_2_MISO_M)
    (add_net /sensors/SENSE_2_MOSI)
    (add_net /sensors/SENSE_2_POWER)
    (add_net /sensors/SENSE_2_SCLK)
    (add_net GND)
    (add_net MOTOR_1_DIRECTION)
    (add_net MOTOR_1_EN)
    (add_net MOTOR_1_STEP)
    (add_net MOTOR_2_DIRECTION)
    (add_net MOTOR_2_EN)
    (add_net MOTOR_2_STEP)
    (add_net MOTOR_3_DIRECTION)
    (add_net MOTOR_3_EN)
    (add_net MOTOR_3_STEP)
    (add_net MOTOR_4_DIRECTION)
    (add_net MOTOR_4_EN)
    (add_net MOTOR_4_STEP)
    (add_net "Net-(C1-Pad1)")
    (add_net "Net-(C10-Pad1)")
    (add_net "Net-(C5-Pad1)")
    (add_net "Net-(C9-Pad1)")
    (add_net "Net-(I2C_HEADER_VOLTAGE_SELECT1-Pad2)")
    (add_net "Net-(J1-Pad3)")
    (add_net "Net-(J1-Pad32)")
    (add_net "Net-(J1-Pad36)")
    (add_net "Net-(J1-Pad5)")
    (add_net "Net-(J4-Pad1)")
    (add_net "Net-(J4-Pad3)")
    (add_net "Net-(J4-Pad5)")
    (add_net "Net-(J5-Pad1)")
    (add_net "Net-(J5-Pad3)")
    (add_net "Net-(J5-Pad5)")
    (add_net "Net-(J6-Pad1)")
    (add_net "Net-(J6-Pad3)")
    (add_net "Net-(J6-Pad5)")
    (add_net "Net-(J7-Pad1)")
    (add_net "Net-(J7-Pad3)")
    (add_net "Net-(J7-Pad5)")
    (add_net "Net-(Q1-Pad1)")
    (add_net "Net-(Q10-Pad1)")
    (add_net "Net-(Q11-Pad1)")
    (add_net "Net-(Q12-Pad1)")
    (add_net "Net-(Q2-Pad1)")
    (add_net "Net-(Q3-Pad1)")
    (add_net "Net-(Q4-Pad1)")
    (add_net "Net-(Q5-Pad1)")
    (add_net "Net-(Q6-Pad1)")
    (add_net "Net-(Q7-Pad1)")
    (add_net "Net-(Q8-Pad1)")
    (add_net "Net-(Q9-Pad1)")
    (add_net SENSE_1_DATA_ENABLE_AG)
    (add_net SENSE_1_DRDY_M)
    (add_net SENSE_1_INT_1_AG)
    (add_net SENSE_1_INT_2_AG)
    (add_net SENSE_1_INT_M)
    (add_net SENSE_2_DATA_ENABLE_AG)
    (add_net SENSE_2_DRDY_M)
    (add_net SENSE_2_INT_1_AG)
    (add_net SENSE_2_INT_2_AG)
    (add_net SENSE_2_INT_M)
    (add_net SENSOR_2_INT_1)
    (add_net SPI_0_CE_0)
    (add_net SPI_0_CE_1)
    (add_net SPI_0_CLK)
    (add_net SPI_0_MISO)
    (add_net SPI_0_MOSI)
    (add_net SPI_1_CE_0)
    (add_net SPI_1_CE_1)
    (add_net SPI_1_CLK)
    (add_net SPI_1_MISO)
    (add_net SPI_1_MOSI)
  )

  (net_class power ""
    (clearance 0.1524)
    (trace_width 0.4)
    (via_dia 0.6)
    (via_drill 0.3)
    (uvia_dia 0.3)
    (uvia_drill 0.1)
    (add_net +3V3)
    (add_net +5V)
    (add_net VD)
    (add_net VS)
  )

  (module RPi_Hat:Samtec_HLE-120-02-XXX-DV-BE-XX-XX locked (layer F.Cu) (tedit 55198B5B) (tstamp 55174A29)
    (at 32.5 4 90)
    (path /5515D395/5515D39E)
    (fp_text reference J1 (at -5 -24 90) (layer F.SilkS)
      (effects (font (size 1 1) (thickness 0.15)))
    )
    (fp_text value RPi_GPIO (at 5.08 0) (layer F.Fab)
      (effects (font (size 1 1) (thickness 0.15)))
    )
    (fp_line (start 2.54 -25.4) (end 2.54 25.4) (layer F.SilkS) (width 0.254))
    (fp_line (start -2.54 -25.4) (end 2.54 -25.4) (layer F.SilkS) (width 0.254))
    (fp_line (start -2.54 25.4) (end -2.54 -25.4) (layer F.SilkS) (width 0.254))
    (fp_line (start 2.54 25.4) (end -2.54 25.4) (layer F.SilkS) (width 0.254))
    (pad 34 smd rect (at 2.7178 16.51 180) (size 0.889 1.6764) (layers F.Cu F.Paste F.Mask)
      (net 6 GND))
    (pad 36 smd rect (at 2.7178 19.05 180) (size 0.889 1.6764) (layers F.Cu F.Paste F.Mask)
      (net 1 "Net-(J1-Pad36)"))
    (pad 40 smd rect (at 2.7178 24.13 180) (size 0.889 1.6764) (layers F.Cu F.Paste F.Mask)
      (net 13 SPI_1_CLK))
    (pad 38 smd rect (at 2.7178 21.59 180) (size 0.889 1.6764) (layers F.Cu F.Paste F.Mask)
      (net 14 SPI_1_MOSI))
    (pad 18 smd rect (at 2.7178 -3.81 180) (size 0.889 1.6764) (layers F.Cu F.Paste F.Mask)
      (net 46 MOTOR_4_DIRECTION))
    (pad 20 smd rect (at 2.7178 -1.27 180) (size 0.889 1.6764) (layers F.Cu F.Paste F.Mask)
      (net 6 GND))
    (pad 24 smd rect (at 2.7178 3.81 180) (size 0.889 1.6764) (layers F.Cu F.Paste F.Mask)
      (net 16 SPI_0_CE_0))
    (pad 22 smd rect (at 2.7178 1.27 180) (size 0.889 1.6764) (layers F.Cu F.Paste F.Mask)
      (net 47 MOTOR_3_EN))
    (pad 30 smd rect (at 2.7178 11.43 180) (size 0.889 1.6764) (layers F.Cu F.Paste F.Mask)
      (net 6 GND))
    (pad 32 smd rect (at 2.7178 13.97 180) (size 0.889 1.6764) (layers F.Cu F.Paste F.Mask)
      (net 2 "Net-(J1-Pad32)"))
    (pad 28 smd rect (at 2.7178 8.89 180) (size 0.889 1.6764) (layers F.Cu F.Paste F.Mask)
      (net 48 MOTOR_2_EN))
    (pad 26 smd rect (at 2.7178 6.35 180) (size 0.889 1.6764) (layers F.Cu F.Paste F.Mask)
      (net 20 SPI_0_CE_1))
    (pad 10 smd rect (at 2.7178 -13.97 180) (size 0.889 1.6764) (layers F.Cu F.Paste F.Mask)
      (net 49 SENSOR_2_INT_1))
    (pad 12 smd rect (at 2.7178 -11.43 180) (size 0.889 1.6764) (layers F.Cu F.Paste F.Mask)
      (net 22 SPI_1_CE_0))
    (pad 16 smd rect (at 2.7178 -6.35 180) (size 0.889 1.6764) (layers F.Cu F.Paste F.Mask)
      (net 50 MOTOR_4_STEP))
    (pad 14 smd rect (at 2.7178 -8.89 180) (size 0.889 1.6764) (layers F.Cu F.Paste F.Mask)
      (net 6 GND))
    (pad 6 smd rect (at 2.7178 -19.05 180) (size 0.889 1.6764) (layers F.Cu F.Paste F.Mask)
      (net 6 GND))
    (pad 8 smd rect (at 2.7178 -16.51 180) (size 0.889 1.6764) (layers F.Cu F.Paste F.Mask)
      (net 51 MOTOR_1_STEP))
    (pad 4 smd rect (at 2.7178 -21.59 180) (size 0.889 1.6764) (layers F.Cu F.Paste F.Mask)
      (net 24 +5V))
    (pad 2 smd rect (at 2.7178 -24.13 180) (size 0.889 1.6764) (layers F.Cu F.Paste F.Mask)
      (net 24 +5V))
    (pad 39 smd rect (at -2.7178 24.13 180) (size 0.889 1.6764) (layers F.Cu F.Paste F.Mask)
      (net 6 GND))
    (pad 37 smd rect (at -2.7178 21.59 180) (size 0.889 1.6764) (layers F.Cu F.Paste F.Mask)
      (net 25 SENSE_1_INT_1_AG))
    (pad 33 smd rect (at -2.7178 16.51 180) (size 0.889 1.6764) (layers F.Cu F.Paste F.Mask)
      (net 52 MOTOR_3_STEP))
    (pad 35 smd rect (at -2.7178 19.05 180) (size 0.889 1.6764) (layers F.Cu F.Paste F.Mask)
      (net 26 SPI_1_MISO))
    (pad 27 smd rect (at -2.7178 8.89 180) (size 0.889 1.6764) (layers F.Cu F.Paste F.Mask)
      (net 53 MOTOR_4_EN))
    (pad 25 smd rect (at -2.7178 6.35 180) (size 0.889 1.6764) (layers F.Cu F.Paste F.Mask)
      (net 6 GND))
    (pad 29 smd rect (at -2.7178 11.43 180) (size 0.889 1.6764) (layers F.Cu F.Paste F.Mask)
      (net 54 MOTOR_3_DIRECTION))
    (pad 31 smd rect (at -2.7178 13.97 180) (size 0.889 1.6764) (layers F.Cu F.Paste F.Mask)
      (net 55 MOTOR_2_STEP))
    (pad 23 smd rect (at -2.7178 3.81 180) (size 0.889 1.6764) (layers F.Cu F.Paste F.Mask)
      (net 27 SPI_0_CLK))
    (pad 21 smd rect (at -2.7178 1.27 180) (size 0.889 1.6764) (layers F.Cu F.Paste F.Mask)
      (net 28 SPI_0_MISO))
    (pad 17 smd rect (at -2.7178 -3.81 180) (size 0.889 1.6764) (layers F.Cu F.Paste F.Mask)
      (net 5 +3V3))
    (pad 19 smd rect (at -2.7178 -1.27 180) (size 0.889 1.6764) (layers F.Cu F.Paste F.Mask)
      (net 29 SPI_0_MOSI))
    (pad 3 smd rect (at -2.7178 -21.59 180) (size 0.889 1.6764) (layers F.Cu F.Paste F.Mask)
      (net 3 "Net-(J1-Pad3)"))
    (pad 1 smd rect (at -2.7178 -24.13 180) (size 0.889 1.6764) (layers F.Cu F.Paste F.Mask)
      (net 5 +3V3))
    (pad 5 smd rect (at -2.7178 -19.05 180) (size 0.889 1.6764) (layers F.Cu F.Paste F.Mask)
      (net 4 "Net-(J1-Pad5)"))
    (pad 7 smd rect (at -2.7178 -16.51 180) (size 0.889 1.6764) (layers F.Cu F.Paste F.Mask)
      (net 56 MOTOR_1_DIRECTION))
    (pad 15 smd rect (at -2.7178 -6.35 180) (size 0.889 1.6764) (layers F.Cu F.Paste F.Mask)
      (net 57 MOTOR_1_EN))
    (pad 13 smd rect (at -2.7178 -8.89 180) (size 0.889 1.6764) (layers F.Cu F.Paste F.Mask)
      (net 58 MOTOR_2_DIRECTION))
    (pad "" np_thru_hole circle (at -1.27 3.81) (size 0.9652 0.9652) (drill 0.9652) (layers *.Cu *.Mask F.SilkS))
    (pad "" np_thru_hole circle (at -1.27 1.27) (size 0.9652 0.9652) (drill 0.9652) (layers *.Cu *.Mask F.SilkS))
    (pad "" np_thru_hole circle (at -1.27 6.35) (size 0.9652 0.9652) (drill 0.9652) (layers *.Cu *.Mask F.SilkS))
    (pad "" np_thru_hole circle (at -1.27 8.89) (size 0.9652 0.9652) (drill 0.9652) (layers *.Cu *.Mask F.SilkS))
    (pad "" np_thru_hole circle (at -1.27 19.05) (size 0.9652 0.9652) (drill 0.9652) (layers *.Cu *.Mask F.SilkS))
    (pad "" np_thru_hole circle (at -1.27 16.51) (size 0.9652 0.9652) (drill 0.9652) (layers *.Cu *.Mask F.SilkS))
    (pad "" np_thru_hole circle (at -1.27 11.43) (size 0.9652 0.9652) (drill 0.9652) (layers *.Cu *.Mask F.SilkS))
    (pad "" np_thru_hole circle (at -1.27 13.97) (size 0.9652 0.9652) (drill 0.9652) (layers *.Cu *.Mask F.SilkS))
    (pad "" np_thru_hole circle (at -1.27 21.59) (size 0.9652 0.9652) (drill 0.9652) (layers *.Cu *.Mask F.SilkS))
    (pad "" np_thru_hole circle (at -1.27 24.13) (size 0.9652 0.9652) (drill 0.9652) (layers *.Cu *.Mask F.SilkS))
    (pad "" np_thru_hole circle (at -1.27 -1.27) (size 0.9652 0.9652) (drill 0.9652) (layers *.Cu *.Mask F.SilkS))
    (pad "" np_thru_hole circle (at -1.27 -3.81) (size 0.9652 0.9652) (drill 0.9652) (layers *.Cu *.Mask F.SilkS))
    (pad "" np_thru_hole circle (at -1.27 -11.43) (size 0.9652 0.9652) (drill 0.9652) (layers *.Cu *.Mask F.SilkS))
    (pad "" np_thru_hole circle (at -1.27 -13.97) (size 0.9652 0.9652) (drill 0.9652) (layers *.Cu *.Mask F.SilkS))
    (pad "" np_thru_hole circle (at -1.27 -8.89) (size 0.9652 0.9652) (drill 0.9652) (layers *.Cu *.Mask F.SilkS))
    (pad "" np_thru_hole circle (at -1.27 -6.35) (size 0.9652 0.9652) (drill 0.9652) (layers *.Cu *.Mask F.SilkS))
    (pad "" np_thru_hole circle (at -1.27 -16.51) (size 0.9652 0.9652) (drill 0.9652) (layers *.Cu *.Mask F.SilkS))
    (pad "" np_thru_hole circle (at -1.27 -19.05) (size 0.9652 0.9652) (drill 0.9652) (layers *.Cu *.Mask F.SilkS))
    (pad "" np_thru_hole circle (at -1.27 -24.13) (size 0.9652 0.9652) (drill 0.9652) (layers *.Cu *.Mask F.SilkS))
    (pad "" np_thru_hole circle (at -1.27 -21.59) (size 0.9652 0.9652) (drill 0.9652) (layers *.Cu *.Mask F.SilkS))
    (pad "" np_thru_hole circle (at 1.27 -21.59) (size 0.9652 0.9652) (drill 0.9652) (layers *.Cu *.Mask F.SilkS))
    (pad "" np_thru_hole circle (at 1.27 -24.13) (size 0.9652 0.9652) (drill 0.9652) (layers *.Cu *.Mask F.SilkS))
    (pad "" np_thru_hole circle (at 1.27 -19.05) (size 0.9652 0.9652) (drill 0.9652) (layers *.Cu *.Mask F.SilkS))
    (pad "" np_thru_hole circle (at 1.27 -16.51) (size 0.9652 0.9652) (drill 0.9652) (layers *.Cu *.Mask F.SilkS))
    (pad "" np_thru_hole circle (at 1.27 -6.35) (size 0.9652 0.9652) (drill 0.9652) (layers *.Cu *.Mask F.SilkS))
    (pad "" np_thru_hole circle (at 1.27 -8.89) (size 0.9652 0.9652) (drill 0.9652) (layers *.Cu *.Mask F.SilkS))
    (pad "" np_thru_hole circle (at 1.27 -13.97) (size 0.9652 0.9652) (drill 0.9652) (layers *.Cu *.Mask F.SilkS))
    (pad "" np_thru_hole circle (at 1.27 -11.43) (size 0.9652 0.9652) (drill 0.9652) (layers *.Cu *.Mask F.SilkS))
    (pad "" np_thru_hole circle (at 1.27 -3.81) (size 0.9652 0.9652) (drill 0.9652) (layers *.Cu *.Mask F.SilkS))
    (pad "" np_thru_hole circle (at 1.27 -1.27) (size 0.9652 0.9652) (drill 0.9652) (layers *.Cu *.Mask F.SilkS))
    (pad "" np_thru_hole circle (at 1.27 24.13) (size 0.9652 0.9652) (drill 0.9652) (layers *.Cu *.Mask F.SilkS))
    (pad "" np_thru_hole circle (at 1.27 21.59) (size 0.9652 0.9652) (drill 0.9652) (layers *.Cu *.Mask F.SilkS))
    (pad "" np_thru_hole circle (at 1.27 13.97) (size 0.9652 0.9652) (drill 0.9652) (layers *.Cu *.Mask F.SilkS))
    (pad "" np_thru_hole circle (at 1.27 11.43) (size 0.9652 0.9652) (drill 0.9652) (layers *.Cu *.Mask F.SilkS))
    (pad "" np_thru_hole circle (at 1.27 16.51) (size 0.9652 0.9652) (drill 0.9652) (layers *.Cu *.Mask F.SilkS))
    (pad "" np_thru_hole circle (at 1.27 19.05) (size 0.9652 0.9652) (drill 0.9652) (layers *.Cu *.Mask F.SilkS))
    (pad "" np_thru_hole circle (at 1.27 8.89) (size 0.9652 0.9652) (drill 0.9652) (layers *.Cu *.Mask F.SilkS))
    (pad "" np_thru_hole circle (at 1.27 6.35) (size 0.9652 0.9652) (drill 0.9652) (layers *.Cu *.Mask F.SilkS))
    (pad "" np_thru_hole circle (at 1.27 1.27) (size 0.9652 0.9652) (drill 0.9652) (layers *.Cu *.Mask F.SilkS))
    (pad "" np_thru_hole circle (at 1.27 3.81) (size 0.9652 0.9652) (drill 0.9652) (layers *.Cu *.Mask F.SilkS))
    (pad 9 smd rect (at -2.7178 -13.97 180) (size 0.889 1.6764) (layers F.Cu F.Paste F.Mask)
      (net 6 GND))
    (pad 11 smd rect (at -2.7178 -11.43 180) (size 0.889 1.6764) (layers F.Cu F.Paste F.Mask)
      (net 30 SPI_1_CE_1))
    (pad "" np_thru_hole circle (at 0 -22.86) (size 1.778 1.778) (drill 1.778) (layers *.Cu *.Mask F.SilkS))
    (pad "" np_thru_hole circle (at 0 22.86) (size 1.778 1.778) (drill 1.778) (layers *.Cu *.Mask F.SilkS))
  )

  (module RPi_Hat:RPi_Hat_Mounting_Hole locked (layer F.Cu) (tedit 55217C7B) (tstamp 5515DEA9)
    (at 61.5 4)
    (descr "Mounting hole, Befestigungsbohrung, 2,7mm, No Annular, Kein Restring,")
    (tags "Mounting hole, Befestigungsbohrung, 2,7mm, No Annular, Kein Restring,")
    (fp_text reference "" (at 0 -4.0005) (layer F.SilkS) hide
      (effects (font (size 1 1) (thickness 0.15)))
    )
    (fp_text value "" (at 0.09906 3.59918) (layer F.Fab) hide
      (effects (font (size 1 1) (thickness 0.15)))
    )
    (fp_circle (center 0 0) (end 3.1 0) (layer B.CrtYd) (width 0.15))
    (fp_circle (center 0 0) (end 3.1 0) (layer F.CrtYd) (width 0.15))
    (fp_circle (center 0 0) (end 1.375 0) (layer B.Fab) (width 0.15))
    (fp_circle (center 0 0) (end 3.1 0) (layer B.Fab) (width 0.15))
    (fp_circle (center 0 0) (end 3.1 0) (layer F.Fab) (width 0.15))
    (fp_circle (center 0 0) (end 1.375 0) (layer F.Fab) (width 0.15))
    (pad "" np_thru_hole circle (at 0 0) (size 2.75 2.75) (drill 2.75) (layers *.Cu *.Mask)
      (solder_mask_margin 1.725) (clearance 1.725))
  )

  (module RPi_Hat:RPi_Hat_Mounting_Hole locked (layer F.Cu) (tedit 55217CCB) (tstamp 55169DC9)
    (at 61.5 53)
    (descr "Mounting hole, Befestigungsbohrung, 2,7mm, No Annular, Kein Restring,")
    (tags "Mounting hole, Befestigungsbohrung, 2,7mm, No Annular, Kein Restring,")
    (fp_text reference "" (at 0 -4.0005) (layer F.SilkS) hide
      (effects (font (size 1 1) (thickness 0.15)))
    )
    (fp_text value "" (at 0.09906 3.59918) (layer F.Fab) hide
      (effects (font (size 1 1) (thickness 0.15)))
    )
    (fp_circle (center 0 0) (end 3.1 0) (layer B.CrtYd) (width 0.15))
    (fp_circle (center 0 0) (end 3.1 0) (layer F.CrtYd) (width 0.15))
    (fp_circle (center 0 0) (end 1.375 0) (layer B.Fab) (width 0.15))
    (fp_circle (center 0 0) (end 3.1 0) (layer B.Fab) (width 0.15))
    (fp_circle (center 0 0) (end 3.1 0) (layer F.Fab) (width 0.15))
    (fp_circle (center 0 0) (end 1.375 0) (layer F.Fab) (width 0.15))
    (pad "" np_thru_hole circle (at 0 0) (size 2.75 2.75) (drill 2.75) (layers *.Cu *.Mask)
      (solder_mask_margin 1.725) (clearance 1.725))
  )

  (module RPi_Hat:RPi_Hat_Mounting_Hole locked (layer F.Cu) (tedit 55217CB9) (tstamp 5515DECC)
    (at 3.5 53)
    (descr "Mounting hole, Befestigungsbohrung, 2,7mm, No Annular, Kein Restring,")
    (tags "Mounting hole, Befestigungsbohrung, 2,7mm, No Annular, Kein Restring,")
    (fp_text reference "" (at 0 -4.0005) (layer F.SilkS) hide
      (effects (font (size 1 1) (thickness 0.15)))
    )
    (fp_text value "" (at 0.09906 3.59918) (layer F.Fab) hide
      (effects (font (size 1 1) (thickness 0.15)))
    )
    (fp_circle (center 0 0) (end 3.1 0) (layer B.CrtYd) (width 0.15))
    (fp_circle (center 0 0) (end 3.1 0) (layer F.CrtYd) (width 0.15))
    (fp_circle (center 0 0) (end 1.375 0) (layer B.Fab) (width 0.15))
    (fp_circle (center 0 0) (end 3.1 0) (layer B.Fab) (width 0.15))
    (fp_circle (center 0 0) (end 3.1 0) (layer F.Fab) (width 0.15))
    (fp_circle (center 0 0) (end 1.375 0) (layer F.Fab) (width 0.15))
    (pad "" np_thru_hole circle (at 0 0) (size 2.75 2.75) (drill 2.75) (layers *.Cu *.Mask)
      (solder_mask_margin 1.725) (clearance 1.725))
  )

  (module RPi_Hat:RPi_Hat_Mounting_Hole locked (layer F.Cu) (tedit 55217CA2) (tstamp 5515DEBF)
    (at 3.5 4)
    (descr "Mounting hole, Befestigungsbohrung, 2,7mm, No Annular, Kein Restring,")
    (tags "Mounting hole, Befestigungsbohrung, 2,7mm, No Annular, Kein Restring,")
    (fp_text reference "" (at 0 -4.0005) (layer F.SilkS) hide
      (effects (font (size 1 1) (thickness 0.15)))
    )
    (fp_text value "" (at 0.09906 3.59918) (layer F.Fab) hide
      (effects (font (size 1 1) (thickness 0.15)))
    )
    (fp_circle (center 0 0) (end 3.1 0) (layer B.CrtYd) (width 0.15))
    (fp_circle (center 0 0) (end 3.1 0) (layer F.CrtYd) (width 0.15))
    (fp_circle (center 0 0) (end 1.375 0) (layer B.Fab) (width 0.15))
    (fp_circle (center 0 0) (end 3.1 0) (layer B.Fab) (width 0.15))
    (fp_circle (center 0 0) (end 3.1 0) (layer F.Fab) (width 0.15))
    (fp_circle (center 0 0) (end 1.375 0) (layer F.Fab) (width 0.15))
    (pad "" np_thru_hole circle (at 0 0) (size 2.75 2.75) (drill 2.75) (layers *.Cu *.Mask)
      (solder_mask_margin 1.725) (clearance 1.725))
  )

  (module Capacitor_SMD:C_0805_2012Metric_Pad1.18x1.45mm_HandSolder (layer F.Cu) (tedit 5F68FEEF) (tstamp 5FB1F874)
    (at 7.1335 24.384 180)
    (descr "Capacitor SMD 0805 (2012 Metric), square (rectangular) end terminal, IPC_7351 nominal with elongated pad for handsoldering. (Body size source: IPC-SM-782 page 76, https://www.pcb-3d.com/wordpress/wp-content/uploads/ipc-sm-782a_amendment_1_and_2.pdf, https://docs.google.com/spreadsheets/d/1BsfQQcO9C6DZCsRaXUlFlo91Tg2WpOkGARC1WS5S8t0/edit?usp=sharing), generated with kicad-footprint-generator")
    (tags "capacitor handsolder")
    (path /5FB06CD3/F1C90C04)
    (attr smd)
    (fp_text reference C1 (at 0 1.524) (layer F.SilkS)
      (effects (font (size 1 1) (thickness 0.15)))
    )
    (fp_text value 0.1uF (at 0 3.048) (layer F.Fab)
      (effects (font (size 1 1) (thickness 0.15)))
    )
    (fp_text user %R (at 0 0) (layer F.Fab)
      (effects (font (size 0.5 0.5) (thickness 0.08)))
    )
    (fp_line (start -1 0.625) (end -1 -0.625) (layer F.Fab) (width 0.1))
    (fp_line (start -1 -0.625) (end 1 -0.625) (layer F.Fab) (width 0.1))
    (fp_line (start 1 -0.625) (end 1 0.625) (layer F.Fab) (width 0.1))
    (fp_line (start 1 0.625) (end -1 0.625) (layer F.Fab) (width 0.1))
    (fp_line (start -0.261252 -0.735) (end 0.261252 -0.735) (layer F.SilkS) (width 0.12))
    (fp_line (start -0.261252 0.735) (end 0.261252 0.735) (layer F.SilkS) (width 0.12))
    (fp_line (start -1.88 0.98) (end -1.88 -0.98) (layer F.CrtYd) (width 0.05))
    (fp_line (start -1.88 -0.98) (end 1.88 -0.98) (layer F.CrtYd) (width 0.05))
    (fp_line (start 1.88 -0.98) (end 1.88 0.98) (layer F.CrtYd) (width 0.05))
    (fp_line (start 1.88 0.98) (end -1.88 0.98) (layer F.CrtYd) (width 0.05))
    (pad 2 smd roundrect (at 1.0375 0 180) (size 1.175 1.45) (layers F.Cu F.Paste F.Mask) (roundrect_rratio 0.212766)
      (net 6 GND))
    (pad 1 smd roundrect (at -1.0375 0 180) (size 1.175 1.45) (layers F.Cu F.Paste F.Mask) (roundrect_rratio 0.212766)
      (net 7 "Net-(C1-Pad1)"))
    (model ${KISYS3DMOD}/Capacitor_SMD.3dshapes/C_0805_2012Metric.wrl
      (at (xyz 0 0 0))
      (scale (xyz 1 1 1))
      (rotate (xyz 0 0 0))
    )
  )

  (module Capacitor_SMD:C_0805_2012Metric_Pad1.18x1.45mm_HandSolder (layer F.Cu) (tedit 5F68FEEF) (tstamp 5FB1F885)
    (at 6.096 28.448 270)
    (descr "Capacitor SMD 0805 (2012 Metric), square (rectangular) end terminal, IPC_7351 nominal with elongated pad for handsoldering. (Body size source: IPC-SM-782 page 76, https://www.pcb-3d.com/wordpress/wp-content/uploads/ipc-sm-782a_amendment_1_and_2.pdf, https://docs.google.com/spreadsheets/d/1BsfQQcO9C6DZCsRaXUlFlo91Tg2WpOkGARC1WS5S8t0/edit?usp=sharing), generated with kicad-footprint-generator")
    (tags "capacitor handsolder")
    (path /5FB06CD3/B94C3227)
    (attr smd)
    (fp_text reference C2 (at -2.54 0 180) (layer F.SilkS)
      (effects (font (size 1 1) (thickness 0.15)))
    )
    (fp_text value 0.1uF (at 4.064 0 90) (layer F.Fab)
      (effects (font (size 1 1) (thickness 0.15)))
    )
    (fp_text user %R (at 0 0 90) (layer F.Fab)
      (effects (font (size 0.5 0.5) (thickness 0.08)))
    )
    (fp_line (start -1 0.625) (end -1 -0.625) (layer F.Fab) (width 0.1))
    (fp_line (start -1 -0.625) (end 1 -0.625) (layer F.Fab) (width 0.1))
    (fp_line (start 1 -0.625) (end 1 0.625) (layer F.Fab) (width 0.1))
    (fp_line (start 1 0.625) (end -1 0.625) (layer F.Fab) (width 0.1))
    (fp_line (start -0.261252 -0.735) (end 0.261252 -0.735) (layer F.SilkS) (width 0.12))
    (fp_line (start -0.261252 0.735) (end 0.261252 0.735) (layer F.SilkS) (width 0.12))
    (fp_line (start -1.88 0.98) (end -1.88 -0.98) (layer F.CrtYd) (width 0.05))
    (fp_line (start -1.88 -0.98) (end 1.88 -0.98) (layer F.CrtYd) (width 0.05))
    (fp_line (start 1.88 -0.98) (end 1.88 0.98) (layer F.CrtYd) (width 0.05))
    (fp_line (start 1.88 0.98) (end -1.88 0.98) (layer F.CrtYd) (width 0.05))
    (pad 2 smd roundrect (at 1.0375 0 270) (size 1.175 1.45) (layers F.Cu F.Paste F.Mask) (roundrect_rratio 0.212766)
      (net 6 GND))
    (pad 1 smd roundrect (at -1.0375 0 270) (size 1.175 1.45) (layers F.Cu F.Paste F.Mask) (roundrect_rratio 0.212766)
      (net 8 /sensors/SENSE_1_POWER))
    (model ${KISYS3DMOD}/Capacitor_SMD.3dshapes/C_0805_2012Metric.wrl
      (at (xyz 0 0 0))
      (scale (xyz 1 1 1))
      (rotate (xyz 0 0 0))
    )
  )

  (module Capacitor_SMD:C_0805_2012Metric_Pad1.18x1.45mm_HandSolder (layer F.Cu) (tedit 5F68FEEF) (tstamp 5FB1F896)
    (at 15.24 28.448 270)
    (descr "Capacitor SMD 0805 (2012 Metric), square (rectangular) end terminal, IPC_7351 nominal with elongated pad for handsoldering. (Body size source: IPC-SM-782 page 76, https://www.pcb-3d.com/wordpress/wp-content/uploads/ipc-sm-782a_amendment_1_and_2.pdf, https://docs.google.com/spreadsheets/d/1BsfQQcO9C6DZCsRaXUlFlo91Tg2WpOkGARC1WS5S8t0/edit?usp=sharing), generated with kicad-footprint-generator")
    (tags "capacitor handsolder")
    (path /5FB06CD3/DAA3AADF)
    (attr smd)
    (fp_text reference C3 (at -2.5185 0 180) (layer F.SilkS)
      (effects (font (size 1 1) (thickness 0.15)))
    )
    (fp_text value 0.1uF (at 4.064 0 90) (layer F.Fab)
      (effects (font (size 1 1) (thickness 0.15)))
    )
    (fp_line (start 1.88 0.98) (end -1.88 0.98) (layer F.CrtYd) (width 0.05))
    (fp_line (start 1.88 -0.98) (end 1.88 0.98) (layer F.CrtYd) (width 0.05))
    (fp_line (start -1.88 -0.98) (end 1.88 -0.98) (layer F.CrtYd) (width 0.05))
    (fp_line (start -1.88 0.98) (end -1.88 -0.98) (layer F.CrtYd) (width 0.05))
    (fp_line (start -0.261252 0.735) (end 0.261252 0.735) (layer F.SilkS) (width 0.12))
    (fp_line (start -0.261252 -0.735) (end 0.261252 -0.735) (layer F.SilkS) (width 0.12))
    (fp_line (start 1 0.625) (end -1 0.625) (layer F.Fab) (width 0.1))
    (fp_line (start 1 -0.625) (end 1 0.625) (layer F.Fab) (width 0.1))
    (fp_line (start -1 -0.625) (end 1 -0.625) (layer F.Fab) (width 0.1))
    (fp_line (start -1 0.625) (end -1 -0.625) (layer F.Fab) (width 0.1))
    (fp_text user %R (at 0 0 90) (layer F.Fab)
      (effects (font (size 0.5 0.5) (thickness 0.08)))
    )
    (pad 1 smd roundrect (at -1.0375 0 270) (size 1.175 1.45) (layers F.Cu F.Paste F.Mask) (roundrect_rratio 0.212766)
      (net 8 /sensors/SENSE_1_POWER))
    (pad 2 smd roundrect (at 1.0375 0 270) (size 1.175 1.45) (layers F.Cu F.Paste F.Mask) (roundrect_rratio 0.212766)
      (net 6 GND))
    (model ${KISYS3DMOD}/Capacitor_SMD.3dshapes/C_0805_2012Metric.wrl
      (at (xyz 0 0 0))
      (scale (xyz 1 1 1))
      (rotate (xyz 0 0 0))
    )
  )

  (module Capacitor_SMD:C_0805_2012Metric_Pad1.18x1.45mm_HandSolder (layer F.Cu) (tedit 5F68FEEF) (tstamp 5FB1F8A7)
    (at 8.128 28.448 270)
    (descr "Capacitor SMD 0805 (2012 Metric), square (rectangular) end terminal, IPC_7351 nominal with elongated pad for handsoldering. (Body size source: IPC-SM-782 page 76, https://www.pcb-3d.com/wordpress/wp-content/uploads/ipc-sm-782a_amendment_1_and_2.pdf, https://docs.google.com/spreadsheets/d/1BsfQQcO9C6DZCsRaXUlFlo91Tg2WpOkGARC1WS5S8t0/edit?usp=sharing), generated with kicad-footprint-generator")
    (tags "capacitor handsolder")
    (path /5FB06CD3/D8933479)
    (attr smd)
    (fp_text reference C4 (at -2.54 0 180) (layer F.SilkS)
      (effects (font (size 1 1) (thickness 0.15)))
    )
    (fp_text value 10uF (at 4.064 0 90) (layer F.Fab)
      (effects (font (size 1 1) (thickness 0.15)))
    )
    (fp_text user %R (at 0 0 90) (layer F.Fab)
      (effects (font (size 0.5 0.5) (thickness 0.08)))
    )
    (fp_line (start -1 0.625) (end -1 -0.625) (layer F.Fab) (width 0.1))
    (fp_line (start -1 -0.625) (end 1 -0.625) (layer F.Fab) (width 0.1))
    (fp_line (start 1 -0.625) (end 1 0.625) (layer F.Fab) (width 0.1))
    (fp_line (start 1 0.625) (end -1 0.625) (layer F.Fab) (width 0.1))
    (fp_line (start -0.261252 -0.735) (end 0.261252 -0.735) (layer F.SilkS) (width 0.12))
    (fp_line (start -0.261252 0.735) (end 0.261252 0.735) (layer F.SilkS) (width 0.12))
    (fp_line (start -1.88 0.98) (end -1.88 -0.98) (layer F.CrtYd) (width 0.05))
    (fp_line (start -1.88 -0.98) (end 1.88 -0.98) (layer F.CrtYd) (width 0.05))
    (fp_line (start 1.88 -0.98) (end 1.88 0.98) (layer F.CrtYd) (width 0.05))
    (fp_line (start 1.88 0.98) (end -1.88 0.98) (layer F.CrtYd) (width 0.05))
    (pad 2 smd roundrect (at 1.0375 0 270) (size 1.175 1.45) (layers F.Cu F.Paste F.Mask) (roundrect_rratio 0.212766)
      (net 6 GND))
    (pad 1 smd roundrect (at -1.0375 0 270) (size 1.175 1.45) (layers F.Cu F.Paste F.Mask) (roundrect_rratio 0.212766)
      (net 8 /sensors/SENSE_1_POWER))
    (model ${KISYS3DMOD}/Capacitor_SMD.3dshapes/C_0805_2012Metric.wrl
      (at (xyz 0 0 0))
      (scale (xyz 1 1 1))
      (rotate (xyz 0 0 0))
    )
  )

  (module Capacitor_SMD:C_0805_2012Metric_Pad1.18x1.45mm_HandSolder (layer F.Cu) (tedit 5F68FEEF) (tstamp 5FB1F8B8)
    (at 11.1975 24.384)
    (descr "Capacitor SMD 0805 (2012 Metric), square (rectangular) end terminal, IPC_7351 nominal with elongated pad for handsoldering. (Body size source: IPC-SM-782 page 76, https://www.pcb-3d.com/wordpress/wp-content/uploads/ipc-sm-782a_amendment_1_and_2.pdf, https://docs.google.com/spreadsheets/d/1BsfQQcO9C6DZCsRaXUlFlo91Tg2WpOkGARC1WS5S8t0/edit?usp=sharing), generated with kicad-footprint-generator")
    (tags "capacitor handsolder")
    (path /5FB06CD3/3FE26454)
    (attr smd)
    (fp_text reference C5 (at 0 -1.68) (layer F.SilkS)
      (effects (font (size 1 1) (thickness 0.15)))
    )
    (fp_text value 10nF (at -0.0215 -3.048) (layer F.Fab)
      (effects (font (size 1 1) (thickness 0.15)))
    )
    (fp_line (start 1.88 0.98) (end -1.88 0.98) (layer F.CrtYd) (width 0.05))
    (fp_line (start 1.88 -0.98) (end 1.88 0.98) (layer F.CrtYd) (width 0.05))
    (fp_line (start -1.88 -0.98) (end 1.88 -0.98) (layer F.CrtYd) (width 0.05))
    (fp_line (start -1.88 0.98) (end -1.88 -0.98) (layer F.CrtYd) (width 0.05))
    (fp_line (start -0.261252 0.735) (end 0.261252 0.735) (layer F.SilkS) (width 0.12))
    (fp_line (start -0.261252 -0.735) (end 0.261252 -0.735) (layer F.SilkS) (width 0.12))
    (fp_line (start 1 0.625) (end -1 0.625) (layer F.Fab) (width 0.1))
    (fp_line (start 1 -0.625) (end 1 0.625) (layer F.Fab) (width 0.1))
    (fp_line (start -1 -0.625) (end 1 -0.625) (layer F.Fab) (width 0.1))
    (fp_line (start -1 0.625) (end -1 -0.625) (layer F.Fab) (width 0.1))
    (fp_text user %R (at 0 0) (layer F.Fab)
      (effects (font (size 0.5 0.5) (thickness 0.08)))
    )
    (pad 1 smd roundrect (at -1.0375 0) (size 1.175 1.45) (layers F.Cu F.Paste F.Mask) (roundrect_rratio 0.212766)
      (net 9 "Net-(C5-Pad1)"))
    (pad 2 smd roundrect (at 1.0375 0) (size 1.175 1.45) (layers F.Cu F.Paste F.Mask) (roundrect_rratio 0.212766)
      (net 6 GND))
    (model ${KISYS3DMOD}/Capacitor_SMD.3dshapes/C_0805_2012Metric.wrl
      (at (xyz 0 0 0))
      (scale (xyz 1 1 1))
      (rotate (xyz 0 0 0))
    )
  )

  (module Capacitor_SMD:C_0805_2012Metric_Pad1.18x1.45mm_HandSolder (layer F.Cu) (tedit 5F68FEEF) (tstamp 5FB1F8C9)
    (at 53.34 27.94 270)
    (descr "Capacitor SMD 0805 (2012 Metric), square (rectangular) end terminal, IPC_7351 nominal with elongated pad for handsoldering. (Body size source: IPC-SM-782 page 76, https://www.pcb-3d.com/wordpress/wp-content/uploads/ipc-sm-782a_amendment_1_and_2.pdf, https://docs.google.com/spreadsheets/d/1BsfQQcO9C6DZCsRaXUlFlo91Tg2WpOkGARC1WS5S8t0/edit?usp=sharing), generated with kicad-footprint-generator")
    (tags "capacitor handsolder")
    (path /5FB06CD3/5FD66C27)
    (attr smd)
    (fp_text reference C6 (at -3.0695 0 90) (layer F.SilkS)
      (effects (font (size 1 1) (thickness 0.15)))
    )
    (fp_text value 10uF (at 4.0425 0 90) (layer F.Fab)
      (effects (font (size 1 1) (thickness 0.15)))
    )
    (fp_text user %R (at 0 0 90) (layer F.Fab)
      (effects (font (size 0.5 0.5) (thickness 0.08)))
    )
    (fp_line (start -1 0.625) (end -1 -0.625) (layer F.Fab) (width 0.1))
    (fp_line (start -1 -0.625) (end 1 -0.625) (layer F.Fab) (width 0.1))
    (fp_line (start 1 -0.625) (end 1 0.625) (layer F.Fab) (width 0.1))
    (fp_line (start 1 0.625) (end -1 0.625) (layer F.Fab) (width 0.1))
    (fp_line (start -0.261252 -0.735) (end 0.261252 -0.735) (layer F.SilkS) (width 0.12))
    (fp_line (start -0.261252 0.735) (end 0.261252 0.735) (layer F.SilkS) (width 0.12))
    (fp_line (start -1.88 0.98) (end -1.88 -0.98) (layer F.CrtYd) (width 0.05))
    (fp_line (start -1.88 -0.98) (end 1.88 -0.98) (layer F.CrtYd) (width 0.05))
    (fp_line (start 1.88 -0.98) (end 1.88 0.98) (layer F.CrtYd) (width 0.05))
    (fp_line (start 1.88 0.98) (end -1.88 0.98) (layer F.CrtYd) (width 0.05))
    (pad 2 smd roundrect (at 1.0375 0 270) (size 1.175 1.45) (layers F.Cu F.Paste F.Mask) (roundrect_rratio 0.212766)
      (net 6 GND))
    (pad 1 smd roundrect (at -1.0375 0 270) (size 1.175 1.45) (layers F.Cu F.Paste F.Mask) (roundrect_rratio 0.212766)
      (net 33 /sensors/SENSE_2_POWER))
    (model ${KISYS3DMOD}/Capacitor_SMD.3dshapes/C_0805_2012Metric.wrl
      (at (xyz 0 0 0))
      (scale (xyz 1 1 1))
      (rotate (xyz 0 0 0))
    )
  )

  (module Capacitor_SMD:C_0805_2012Metric_Pad1.18x1.45mm_HandSolder (layer F.Cu) (tedit 5F68FEEF) (tstamp 5FB1F8DA)
    (at 55.88 27.94 270)
    (descr "Capacitor SMD 0805 (2012 Metric), square (rectangular) end terminal, IPC_7351 nominal with elongated pad for handsoldering. (Body size source: IPC-SM-782 page 76, https://www.pcb-3d.com/wordpress/wp-content/uploads/ipc-sm-782a_amendment_1_and_2.pdf, https://docs.google.com/spreadsheets/d/1BsfQQcO9C6DZCsRaXUlFlo91Tg2WpOkGARC1WS5S8t0/edit?usp=sharing), generated with kicad-footprint-generator")
    (tags "capacitor handsolder")
    (path /5FB06CD3/5FD66C39)
    (attr smd)
    (fp_text reference C7 (at -3.048 1.016 90) (layer F.SilkS)
      (effects (font (size 1 1) (thickness 0.15)))
    )
    (fp_text value 0.1uF (at 4.0425 0 90) (layer F.Fab)
      (effects (font (size 1 1) (thickness 0.15)))
    )
    (fp_line (start 1.88 0.98) (end -1.88 0.98) (layer F.CrtYd) (width 0.05))
    (fp_line (start 1.88 -0.98) (end 1.88 0.98) (layer F.CrtYd) (width 0.05))
    (fp_line (start -1.88 -0.98) (end 1.88 -0.98) (layer F.CrtYd) (width 0.05))
    (fp_line (start -1.88 0.98) (end -1.88 -0.98) (layer F.CrtYd) (width 0.05))
    (fp_line (start -0.261252 0.735) (end 0.261252 0.735) (layer F.SilkS) (width 0.12))
    (fp_line (start -0.261252 -0.735) (end 0.261252 -0.735) (layer F.SilkS) (width 0.12))
    (fp_line (start 1 0.625) (end -1 0.625) (layer F.Fab) (width 0.1))
    (fp_line (start 1 -0.625) (end 1 0.625) (layer F.Fab) (width 0.1))
    (fp_line (start -1 -0.625) (end 1 -0.625) (layer F.Fab) (width 0.1))
    (fp_line (start -1 0.625) (end -1 -0.625) (layer F.Fab) (width 0.1))
    (fp_text user %R (at 0 0 90) (layer F.Fab)
      (effects (font (size 0.5 0.5) (thickness 0.08)))
    )
    (pad 1 smd roundrect (at -1.0375 0 270) (size 1.175 1.45) (layers F.Cu F.Paste F.Mask) (roundrect_rratio 0.212766)
      (net 33 /sensors/SENSE_2_POWER))
    (pad 2 smd roundrect (at 1.0375 0 270) (size 1.175 1.45) (layers F.Cu F.Paste F.Mask) (roundrect_rratio 0.212766)
      (net 6 GND))
    (model ${KISYS3DMOD}/Capacitor_SMD.3dshapes/C_0805_2012Metric.wrl
      (at (xyz 0 0 0))
      (scale (xyz 1 1 1))
      (rotate (xyz 0 0 0))
    )
  )

  (module Capacitor_SMD:C_0805_2012Metric_Pad1.18x1.45mm_HandSolder (layer F.Cu) (tedit 5F68FEEF) (tstamp 5FB1F8EB)
    (at 63.5 27.94 270)
    (descr "Capacitor SMD 0805 (2012 Metric), square (rectangular) end terminal, IPC_7351 nominal with elongated pad for handsoldering. (Body size source: IPC-SM-782 page 76, https://www.pcb-3d.com/wordpress/wp-content/uploads/ipc-sm-782a_amendment_1_and_2.pdf, https://docs.google.com/spreadsheets/d/1BsfQQcO9C6DZCsRaXUlFlo91Tg2WpOkGARC1WS5S8t0/edit?usp=sharing), generated with kicad-footprint-generator")
    (tags "capacitor handsolder")
    (path /5FB06CD3/5FD66C3F)
    (attr smd)
    (fp_text reference C8 (at -3.048 0 90) (layer F.SilkS)
      (effects (font (size 1 1) (thickness 0.15)))
    )
    (fp_text value 0.1uF (at 4.064 0 90) (layer F.Fab)
      (effects (font (size 1 1) (thickness 0.15)))
    )
    (fp_text user %R (at 0 0 90) (layer F.Fab)
      (effects (font (size 0.5 0.5) (thickness 0.08)))
    )
    (fp_line (start -1 0.625) (end -1 -0.625) (layer F.Fab) (width 0.1))
    (fp_line (start -1 -0.625) (end 1 -0.625) (layer F.Fab) (width 0.1))
    (fp_line (start 1 -0.625) (end 1 0.625) (layer F.Fab) (width 0.1))
    (fp_line (start 1 0.625) (end -1 0.625) (layer F.Fab) (width 0.1))
    (fp_line (start -0.261252 -0.735) (end 0.261252 -0.735) (layer F.SilkS) (width 0.12))
    (fp_line (start -0.261252 0.735) (end 0.261252 0.735) (layer F.SilkS) (width 0.12))
    (fp_line (start -1.88 0.98) (end -1.88 -0.98) (layer F.CrtYd) (width 0.05))
    (fp_line (start -1.88 -0.98) (end 1.88 -0.98) (layer F.CrtYd) (width 0.05))
    (fp_line (start 1.88 -0.98) (end 1.88 0.98) (layer F.CrtYd) (width 0.05))
    (fp_line (start 1.88 0.98) (end -1.88 0.98) (layer F.CrtYd) (width 0.05))
    (pad 2 smd roundrect (at 1.0375 0 270) (size 1.175 1.45) (layers F.Cu F.Paste F.Mask) (roundrect_rratio 0.212766)
      (net 6 GND))
    (pad 1 smd roundrect (at -1.0375 0 270) (size 1.175 1.45) (layers F.Cu F.Paste F.Mask) (roundrect_rratio 0.212766)
      (net 33 /sensors/SENSE_2_POWER))
    (model ${KISYS3DMOD}/Capacitor_SMD.3dshapes/C_0805_2012Metric.wrl
      (at (xyz 0 0 0))
      (scale (xyz 1 1 1))
      (rotate (xyz 0 0 0))
    )
  )

  (module Capacitor_SMD:C_0805_2012Metric_Pad1.18x1.45mm_HandSolder (layer F.Cu) (tedit 5F68FEEF) (tstamp 5FB1F8FC)
    (at 60.96 24.892)
